{
 "cells": [
  {
   "cell_type": "code",
   "execution_count": 20,
   "id": "c89d42ec",
   "metadata": {},
   "outputs": [
    {
     "name": "stdout",
     "output_type": "stream",
     "text": [
      "   fixed acidity  volatile acidity  citric acid  residual sugar  chlorides  \\\n",
      "0            7.0              0.27         0.36            20.7      0.045   \n",
      "1            6.3              0.30         0.34             1.6      0.049   \n",
      "2            8.1              0.28         0.40             6.9      0.050   \n",
      "3            7.2              0.23         0.32             8.5      0.058   \n",
      "4            7.2              0.23         0.32             8.5      0.058   \n",
      "\n",
      "   free sulfur dioxide  total sulfur dioxide  density    pH  sulphates  \\\n",
      "0                 45.0                 170.0   1.0010  3.00       0.45   \n",
      "1                 14.0                 132.0   0.9940  3.30       0.49   \n",
      "2                 30.0                  97.0   0.9951  3.26       0.44   \n",
      "3                 47.0                 186.0   0.9956  3.19       0.40   \n",
      "4                 47.0                 186.0   0.9956  3.19       0.40   \n",
      "\n",
      "   alcohol  quality  \n",
      "0      8.8        6  \n",
      "1      9.5        6  \n",
      "2     10.1        6  \n",
      "3      9.9        6  \n",
      "4      9.9        6  \n",
      "class_lables: [0, 1, 2, 3, 4, 5, 6, 7, 8, 9, 10]\n",
      "Class 0:\n",
      "Mean Vector:\n",
      "fixed acidity          NaN\n",
      "volatile acidity       NaN\n",
      "citric acid            NaN\n",
      "residual sugar         NaN\n",
      "chlorides              NaN\n",
      "free sulfur dioxide    NaN\n",
      "total sulfur dioxide   NaN\n",
      "density                NaN\n",
      "pH                     NaN\n",
      "sulphates              NaN\n",
      "alcohol                NaN\n",
      "dtype: float64\n",
      "Covariance Matrix:\n",
      "[[nan nan nan nan nan nan nan nan nan nan nan]\n",
      " [nan nan nan nan nan nan nan nan nan nan nan]\n",
      " [nan nan nan nan nan nan nan nan nan nan nan]\n",
      " [nan nan nan nan nan nan nan nan nan nan nan]\n",
      " [nan nan nan nan nan nan nan nan nan nan nan]\n",
      " [nan nan nan nan nan nan nan nan nan nan nan]\n",
      " [nan nan nan nan nan nan nan nan nan nan nan]\n",
      " [nan nan nan nan nan nan nan nan nan nan nan]\n",
      " [nan nan nan nan nan nan nan nan nan nan nan]\n",
      " [nan nan nan nan nan nan nan nan nan nan nan]\n",
      " [nan nan nan nan nan nan nan nan nan nan nan]]\n",
      "Number of Samples: 0\n",
      "\n",
      "Class 1:\n",
      "Mean Vector:\n",
      "fixed acidity          NaN\n",
      "volatile acidity       NaN\n",
      "citric acid            NaN\n",
      "residual sugar         NaN\n",
      "chlorides              NaN\n",
      "free sulfur dioxide    NaN\n",
      "total sulfur dioxide   NaN\n",
      "density                NaN\n",
      "pH                     NaN\n",
      "sulphates              NaN\n",
      "alcohol                NaN\n",
      "dtype: float64\n",
      "Covariance Matrix:\n",
      "[[nan nan nan nan nan nan nan nan nan nan nan]\n",
      " [nan nan nan nan nan nan nan nan nan nan nan]\n",
      " [nan nan nan nan nan nan nan nan nan nan nan]\n",
      " [nan nan nan nan nan nan nan nan nan nan nan]\n",
      " [nan nan nan nan nan nan nan nan nan nan nan]\n",
      " [nan nan nan nan nan nan nan nan nan nan nan]\n",
      " [nan nan nan nan nan nan nan nan nan nan nan]\n",
      " [nan nan nan nan nan nan nan nan nan nan nan]\n",
      " [nan nan nan nan nan nan nan nan nan nan nan]\n",
      " [nan nan nan nan nan nan nan nan nan nan nan]\n",
      " [nan nan nan nan nan nan nan nan nan nan nan]]\n",
      "Number of Samples: 0\n",
      "\n",
      "Class 2:\n",
      "Mean Vector:\n",
      "fixed acidity          NaN\n",
      "volatile acidity       NaN\n",
      "citric acid            NaN\n",
      "residual sugar         NaN\n",
      "chlorides              NaN\n",
      "free sulfur dioxide    NaN\n",
      "total sulfur dioxide   NaN\n",
      "density                NaN\n",
      "pH                     NaN\n",
      "sulphates              NaN\n",
      "alcohol                NaN\n",
      "dtype: float64\n",
      "Covariance Matrix:\n",
      "[[nan nan nan nan nan nan nan nan nan nan nan]\n",
      " [nan nan nan nan nan nan nan nan nan nan nan]\n",
      " [nan nan nan nan nan nan nan nan nan nan nan]\n",
      " [nan nan nan nan nan nan nan nan nan nan nan]\n",
      " [nan nan nan nan nan nan nan nan nan nan nan]\n",
      " [nan nan nan nan nan nan nan nan nan nan nan]\n",
      " [nan nan nan nan nan nan nan nan nan nan nan]\n",
      " [nan nan nan nan nan nan nan nan nan nan nan]\n",
      " [nan nan nan nan nan nan nan nan nan nan nan]\n",
      " [nan nan nan nan nan nan nan nan nan nan nan]\n",
      " [nan nan nan nan nan nan nan nan nan nan nan]]\n",
      "Number of Samples: 0\n",
      "\n",
      "Class 3:\n",
      "Mean Vector:\n",
      "fixed acidity             7.600000\n",
      "volatile acidity          0.333250\n",
      "citric acid               0.336000\n",
      "residual sugar            6.392500\n",
      "chlorides                 0.054300\n",
      "free sulfur dioxide      53.325000\n",
      "total sulfur dioxide    170.600000\n",
      "density                   0.994884\n",
      "pH                        3.187500\n",
      "sulphates                 0.474500\n",
      "alcohol                  10.345000\n",
      "dtype: float64\n",
      "Covariance Matrix:\n",
      "[[ 2.97473684e+00  3.32105263e-02  4.73157895e-02  1.86000000e+00\n",
      "   4.47894737e-03 -2.79421053e+01 -2.37973684e+01  1.80147368e-03\n",
      "  -2.73421053e-01 -1.70000000e-02 -1.03157895e-01]\n",
      " [ 3.32105263e-02  1.98323026e-02  2.33210526e-03  2.65256579e-02\n",
      "   3.60450000e-03 -8.66638158e-01  3.65873684e+00  8.81863158e-05\n",
      "  -7.04144737e-03  5.22407895e-03 -7.44342105e-03]\n",
      " [ 4.73157895e-02  2.33210526e-03  6.63578947e-03 -5.30052632e-02\n",
      "   8.52842105e-04 -3.10205263e+00 -4.11563158e+00 -2.92305263e-05\n",
      "  -4.75263158e-03 -1.30736842e-03  2.55052632e-02]\n",
      " [ 1.86000000e+00  2.65256579e-02 -5.30052632e-02  2.82740197e+01\n",
      "   7.13681579e-02 -5.45526974e+01  1.26640263e+02  1.06648211e-02\n",
      "  -4.73598684e-01  2.35956579e-01 -2.15697368e-01]\n",
      " [ 4.47894737e-03  3.60450000e-03  8.52842105e-04  7.13681579e-02\n",
      "   2.15927368e-03 -1.03707895e-01  1.21254737e+00  5.54171579e-05\n",
      "  -3.62026316e-03  3.16331579e-03 -2.00773684e-02]\n",
      " [-2.79421053e+01 -8.66638158e-01 -3.10205263e+00 -5.45526974e+01\n",
      "  -1.03707895e-01  4.81924408e+03  5.80861053e+03 -2.13476842e-02\n",
      "   4.39296053e+00  2.34951316e+00 -4.19171053e+00]\n",
      " [-2.37973684e+01  3.65873684e+00 -4.11563158e+00  1.26640263e+02\n",
      "   1.21254737e+00  5.80861053e+03  1.16118579e+04  1.00238000e-01\n",
      "   2.03684211e+00  7.01136842e+00 -2.14284211e+01]\n",
      " [ 1.80147368e-03  8.81863158e-05 -2.92305263e-05  1.06648211e-02\n",
      "   5.54171579e-05 -2.13476842e-02  1.00238000e-01  8.01228842e-06\n",
      "  -2.65305263e-04  1.82212632e-04 -2.12582105e-03]\n",
      " [-2.73421053e-01 -7.04144737e-03 -4.75263158e-03 -4.73598684e-01\n",
      "  -3.62026316e-03  4.39296053e+00  2.03684211e+00 -2.65305263e-04\n",
      "   4.40302632e-02 -7.09210526e-04  3.75921053e-02]\n",
      " [-1.70000000e-02  5.22407895e-03 -1.30736842e-03  2.35956579e-01\n",
      "   3.16331579e-03  2.34951316e+00  7.01136842e+00  1.82212632e-04\n",
      "  -7.09210526e-04  1.43628947e-02 -4.65289474e-02]\n",
      " [-1.03157895e-01 -7.44342105e-03  2.55052632e-02 -2.15697368e-01\n",
      "  -2.00773684e-02 -4.19171053e+00 -2.14284211e+01 -2.12582105e-03\n",
      "   3.75921053e-02 -4.65289474e-02  1.49839474e+00]]\n",
      "Number of Samples: 20\n",
      "\n",
      "Class 4:\n",
      "Mean Vector:\n",
      "fixed acidity             7.129448\n",
      "volatile acidity          0.381227\n",
      "citric acid               0.304233\n",
      "residual sugar            4.628221\n",
      "chlorides                 0.050098\n",
      "free sulfur dioxide      23.358896\n",
      "total sulfur dioxide    125.279141\n",
      "density                   0.994277\n",
      "pH                        3.182883\n",
      "sulphates                 0.476135\n",
      "alcohol                  10.152454\n",
      "dtype: float64\n",
      "Covariance Matrix:\n",
      "[[ 1.16962130e+00 -1.20703060e-02  9.12202530e-02  3.37034197e-01\n",
      "  -1.89303189e-03 -4.51066046e-01  4.57660570e+00  8.20573468e-04\n",
      "  -8.24187685e-02  1.12069227e-03 -5.93011058e-02]\n",
      " [-1.20703060e-02  3.00895346e-02 -8.37251004e-03 -9.56724797e-03\n",
      "   5.68983754e-04 -2.81322711e-01 -3.50684125e-01  1.65006949e-05\n",
      "   2.93872415e-03 -1.11096910e-03  7.42906915e-03]\n",
      " [ 9.12202530e-02 -8.37251004e-03  2.68492540e-02  1.69799553e-01\n",
      "  -2.32393395e-04  5.19088654e-01  2.18220613e+00  1.11640654e-04\n",
      "  -8.91166402e-03  3.98065970e-03 -1.53205711e-03]\n",
      " [ 3.37034197e-01 -9.56724797e-03  1.69799553e-01  1.73356493e+01\n",
      "   2.41141881e-02  2.87885746e+01  9.38022590e+01  7.63969901e-03\n",
      "  -1.01239283e-01  5.29893774e-02 -1.49321783e+00]\n",
      " [-1.89303189e-03  5.68983754e-04 -2.32393395e-04  2.41141881e-02\n",
      "   6.70187836e-04  1.55170226e-02  3.86682307e-01  2.17900803e-05\n",
      "   2.48665834e-04  5.39640991e-04 -1.00422177e-02]\n",
      " [-4.51066046e-01 -2.81322711e-01  5.19088654e-01  2.87885746e+01\n",
      "   1.55170226e-02  4.15807127e+02  7.07376051e+02  1.87066901e-02\n",
      "   1.66983451e-01  3.76364841e-01 -7.14239851e+00]\n",
      " [ 4.57660570e+00 -3.50684125e-01  2.18220613e+00  9.38022590e+01\n",
      "   3.86682307e-01  7.07376051e+02  2.78296018e+03  8.12222885e-02\n",
      "   1.55841854e+00  2.31685715e+00 -2.71980658e+01]\n",
      " [ 8.20573468e-04  1.65006949e-05  1.11640654e-04  7.63969901e-03\n",
      "   2.17900803e-05  1.87066901e-02  8.12222885e-02  6.06320130e-06\n",
      "   3.44867719e-05  7.42778573e-05 -1.73657824e-03]\n",
      " [-8.24187685e-02  2.93872415e-03 -8.91166402e-03 -1.01239283e-01\n",
      "   2.48665834e-04  1.66983451e-01  1.55841854e+00  3.44867719e-05\n",
      "   2.67947209e-02  3.53899114e-03 -1.05132924e-02]\n",
      " [ 1.12069227e-03 -1.11096910e-03  3.98065970e-03  5.29893774e-02\n",
      "   5.39640991e-04  3.76364841e-01  2.31685715e+00  7.42778573e-05\n",
      "   3.53899114e-03  1.39176854e-02 -5.36753011e-04]\n",
      " [-5.93011058e-02  7.42906915e-03 -1.53205711e-03 -1.49321783e+00\n",
      "  -1.00422177e-02 -7.14239851e+00 -2.71980658e+01 -1.73657824e-03\n",
      "  -1.05132924e-02 -5.36753011e-04  1.00644456e+00]]\n",
      "Number of Samples: 163\n",
      "\n",
      "Class 5:\n",
      "Mean Vector:\n",
      "fixed acidity             6.933974\n",
      "volatile acidity          0.302011\n",
      "citric acid               0.337653\n",
      "residual sugar            7.334969\n",
      "chlorides                 0.051546\n",
      "free sulfur dioxide      36.432052\n",
      "total sulfur dioxide    150.904598\n",
      "density                   0.995263\n",
      "pH                        3.168833\n",
      "sulphates                 0.482203\n",
      "alcohol                   9.808840\n",
      "dtype: float64\n",
      "Covariance Matrix:\n",
      "[[ 7.02969293e-01 -1.74384861e-03  3.46896915e-02  6.83647176e-02\n",
      "  -1.11149948e-03 -2.21853474e+00 -1.37752584e+00  3.41577794e-04\n",
      "  -5.04445359e-02  3.26026354e-03  5.49318333e-02]\n",
      " [-1.74384861e-03  1.00132609e-02 -2.02896459e-03  2.19311748e-02\n",
      "   3.37935617e-04 -8.25006269e-02  5.93766845e-01  1.51773825e-05\n",
      "  -7.71827838e-04  9.91722181e-05 -6.75970795e-03]\n",
      " [ 3.46896915e-02 -2.02896459e-03  1.98285524e-02  1.24038526e-01\n",
      "   3.73913765e-04  3.00722952e-01  7.84920142e-01  8.08902408e-05\n",
      "  -4.81008955e-03  1.27825192e-03 -1.35532969e-02]\n",
      " [ 6.83647176e-02  2.19311748e-02  1.24038526e-01  2.83835274e+01\n",
      "   3.17998941e-03  3.79072026e+01  9.25767587e+01  1.21120062e-02\n",
      "  -8.54286075e-02  4.16993469e-02 -1.99234059e+00]\n",
      " [-1.11149948e-03  3.37935617e-04  3.73913765e-04  3.17998941e-03\n",
      "   7.02017255e-04  4.08750594e-02  1.45724890e-01  7.81163736e-06\n",
      "  -3.35200029e-04  1.72476845e-04 -5.00736724e-03]\n",
      " [-2.21853474e+00 -8.25006269e-02  3.00722952e-01  3.79072026e+01\n",
      "   4.08750594e-02  3.29276973e+02  5.31426034e+02  1.78528791e-02\n",
      "   1.30800060e-02  8.79176597e-02 -4.86815808e+00]\n",
      " [-1.37752584e+00  5.93766845e-01  7.84920142e-01  9.25767587e+01\n",
      "   1.45724890e-01  5.31426034e+02  1.94359185e+03  5.51539576e-02\n",
      "   1.33367320e-01  1.00431747e+00 -1.48860471e+01]\n",
      " [ 3.41577794e-04  1.51773825e-05  8.08902408e-05  1.21120062e-02\n",
      "   7.81163736e-06  1.78528791e-02  5.51539576e-02  6.47566971e-06\n",
      "  -1.46670538e-05  4.28635640e-05 -1.45787775e-03]\n",
      " [-5.04445359e-02 -7.71827838e-04 -4.81008955e-03 -8.54286075e-02\n",
      "  -3.35200029e-04  1.30800060e-02  1.33367320e-01 -1.46670538e-05\n",
      "   1.98515223e-02  1.31692676e-03  1.38690441e-02]\n",
      " [ 3.26026354e-03  9.91722181e-05  1.27825192e-03  4.16993469e-02\n",
      "   1.72476845e-04  8.79176597e-02  1.00431747e+00  4.28635640e-05\n",
      "   1.31692676e-03  9.64424991e-03 -3.88533196e-03]\n",
      " [ 5.49318333e-02 -6.75970795e-03 -1.35532969e-02 -1.99234059e+00\n",
      "  -5.00736724e-03 -4.86815808e+00 -1.48860471e+01 -1.45787775e-03\n",
      "   1.38690441e-02 -3.88533196e-03  7.17519601e-01]]\n",
      "Number of Samples: 1457\n",
      "\n",
      "Class 6:\n",
      "Mean Vector:\n",
      "fixed acidity             6.837671\n",
      "volatile acidity          0.260564\n",
      "citric acid               0.338025\n",
      "residual sugar            6.441606\n",
      "chlorides                 0.045217\n",
      "free sulfur dioxide      35.650591\n",
      "total sulfur dioxide    137.047316\n",
      "density                   0.993961\n",
      "pH                        3.188599\n",
      "sulphates                 0.491106\n",
      "alcohol                  10.575372\n",
      "dtype: float64\n",
      "Covariance Matrix:\n",
      "[[ 7.01309000e-01 -3.90018733e-03  2.81162906e-02  2.82143843e-01\n",
      "   1.51840441e-04  1.78826139e-01  4.31077936e+00  5.62983298e-04\n",
      "  -4.79845128e-02  4.80409840e-04 -6.56914418e-02]\n",
      " [-3.90018733e-03  7.76902615e-03 -1.07337351e-03  5.99698036e-02\n",
      "   8.60279320e-06 -1.16860143e-01  3.82763463e-01  1.02553606e-05\n",
      "  -5.72012936e-04 -3.24338135e-04  1.44613288e-02]\n",
      " [ 2.81162906e-02 -1.07337351e-03  1.42383389e-02  1.68866955e-02\n",
      "   3.58968512e-04  1.19125429e-01  5.04224101e-01  3.68649315e-05\n",
      "  -2.12092923e-03  9.46471593e-04 -6.10046464e-03]\n",
      " [ 2.82143843e-01  5.99698036e-02  1.68866955e-02  2.66940135e+01\n",
      "   3.71124822e-03  2.46277781e+01  7.67844893e+01  1.33661337e-02\n",
      "  -1.23471713e-01 -2.27076025e-02 -2.69818551e+00]\n",
      " [ 1.51840441e-04  8.60279320e-06  3.58968512e-04  3.71124822e-03\n",
      "   4.18320459e-04  3.89540361e-02  1.13345190e-01  1.19971644e-05\n",
      "  -1.59167133e-04 -3.76506387e-05 -7.51075448e-03]\n",
      " [ 1.78826139e-01 -1.16860143e-01  1.19125429e-01  2.46277781e+01\n",
      "   3.89540361e-02  2.47611586e+02  3.87402749e+02  1.56822194e-02\n",
      "  -6.38375869e-02  5.89625070e-03 -5.76577059e+00]\n",
      " [ 4.31077936e+00  3.82763463e-01  5.04224101e-01  7.67844893e+01\n",
      "   1.13345190e-01  3.87402749e+02  1.70455192e+03  6.15398178e-02\n",
      "   2.29627097e-01  6.63475204e-01 -2.00137181e+01]\n",
      " [ 5.62983298e-04  1.02553606e-05  3.68649315e-05  1.33661337e-02\n",
      "   1.19971644e-05  1.56822194e-02  6.15398178e-02  9.14161135e-06\n",
      "  -8.15058954e-06  3.27077251e-05 -2.58021828e-03]\n",
      " [-4.79845128e-02 -5.72012936e-04 -2.12092923e-03 -1.23471713e-01\n",
      "  -1.59167133e-04 -6.38375869e-02  2.29627097e-01 -8.15058954e-06\n",
      "   2.27998562e-02  2.59604237e-03  8.44218375e-03]\n",
      " [ 4.80409840e-04 -3.24338135e-04  9.46471593e-04 -2.27076025e-02\n",
      "  -3.76506387e-05  5.89625070e-03  6.63475204e-01  3.27077251e-05\n",
      "   2.59604237e-03  1.28498013e-02 -7.44893925e-03]\n",
      " [-6.56914418e-02  1.44613288e-02 -6.10046464e-03 -2.69818551e+00\n",
      "  -7.51075448e-03 -5.76577059e+00 -2.00137181e+01 -2.58021828e-03\n",
      "   8.44218375e-03 -7.44893925e-03  1.31739018e+00]]\n",
      "Number of Samples: 2198\n",
      "\n",
      "Class 7:\n",
      "Mean Vector:\n",
      "fixed acidity             6.734716\n",
      "volatile acidity          0.262767\n",
      "citric acid               0.325625\n",
      "residual sugar            5.186477\n",
      "chlorides                 0.038191\n",
      "free sulfur dioxide      34.125568\n",
      "total sulfur dioxide    125.114773\n",
      "density                   0.992452\n",
      "pH                        3.213898\n",
      "sulphates                 0.503102\n",
      "alcohol                  11.367936\n",
      "dtype: float64\n",
      "Covariance Matrix:\n",
      "[[ 5.71037462e-01 -6.23610152e-03  1.58898251e-02  7.60174197e-01\n",
      "   1.12590185e-03 -9.71115808e-03  4.32166518e+00  8.56908134e-04\n",
      "  -5.89204500e-02 -9.03671721e-03 -2.58482100e-01]\n",
      " [-6.23610152e-03  8.30038367e-03 -1.87712955e-03 -9.50776127e-03\n",
      "  -2.75392336e-04 -2.04005414e-01 -2.44060832e-01 -6.97339459e-05\n",
      "   7.07006865e-04 -2.18207092e-04  5.71015284e-02]\n",
      " [ 1.58898251e-02 -1.87712955e-03  6.26991610e-03  1.51813851e-02\n",
      "   1.40836177e-04  1.64895833e-01  3.03693828e-01  3.09780788e-05\n",
      "  -1.57382679e-03 -2.84023038e-04 -1.53462813e-02]\n",
      " [ 7.60174197e-01 -9.50776127e-03  1.51813851e-02  1.84727066e+01\n",
      "   1.26681704e-02  6.74504467e+00  6.41153194e+01  9.78770254e-03\n",
      "  -2.28130395e-01 -6.10404812e-02 -2.57666617e+00]\n",
      " [ 1.12590185e-03 -2.75392336e-04  1.40836177e-04  1.26681704e-02\n",
      "   1.14434502e-04  2.71523374e-02  1.39723229e-01  1.46500764e-05\n",
      "  -1.49698314e-04  6.82580412e-05 -7.39476282e-03]\n",
      " [-9.71115808e-03 -2.04005414e-01  1.64895833e-01  6.74504467e+00\n",
      "   2.71523374e-02  1.75423066e+02  2.31012307e+02  6.63521052e-03\n",
      "   6.19389091e-02  2.68859157e-01 -3.30417924e+00]\n",
      " [ 4.32166518e+00 -2.44060832e-01  3.03693828e-01  6.41153194e+01\n",
      "   1.39723229e-01  2.31012307e+02  1.07210285e+03  5.23082057e-02\n",
      "  -1.60066747e-01  4.08267013e-02 -1.89885303e+01]\n",
      " [ 8.56908134e-04 -6.97339459e-05  3.09780788e-05  9.78770254e-03\n",
      "   1.46500764e-05  6.63521052e-03  5.23082057e-02  7.65999777e-06\n",
      "  -7.33390492e-05  1.10439752e-05 -2.88975454e-03]\n",
      " [-5.89204500e-02  7.07006865e-04 -1.57382679e-03 -2.28130395e-01\n",
      "  -1.49698314e-04  6.19389091e-02 -1.60066747e-01 -7.33390492e-05\n",
      "   2.50911613e-02  3.67663163e-03  2.10662278e-02]\n",
      " [-9.03671721e-03 -2.18207092e-04 -2.84023038e-04 -6.10404812e-02\n",
      "   6.82580412e-05  2.68859157e-01  4.08267013e-02  1.10439752e-05\n",
      "   3.67663163e-03  1.69506607e-02 -7.53067600e-03]\n",
      " [-2.58482100e-01  5.71015284e-02 -1.53462813e-02 -2.57666617e+00\n",
      "  -7.39476282e-03 -3.30417924e+00 -1.89885303e+01 -2.88975454e-03\n",
      "   2.10662278e-02 -7.53067600e-03  1.55385152e+00]]\n",
      "Number of Samples: 880\n",
      "\n",
      "Class 8:\n",
      "Mean Vector:\n",
      "fixed acidity             6.657143\n",
      "volatile acidity          0.277400\n",
      "citric acid               0.326514\n",
      "residual sugar            5.671429\n",
      "chlorides                 0.038314\n",
      "free sulfur dioxide      36.720000\n",
      "total sulfur dioxide    126.165714\n",
      "density                   0.992236\n",
      "pH                        3.218686\n",
      "sulphates                 0.486229\n",
      "alcohol                  11.636000\n",
      "dtype: float64\n",
      "Covariance Matrix:\n",
      "[[ 6.71313629e-01 -1.13879310e-02  1.29991790e-02  1.15460181e+00\n",
      "   3.24515599e-03  4.01724138e-01  7.20139573e+00  1.28002627e-03\n",
      "  -5.93612479e-02 -1.51108374e-02 -4.66896552e-01]\n",
      " [-1.13879310e-02  1.16703563e-02 -1.34503448e-03 -6.10574713e-02\n",
      "  -4.23000000e-04 -3.34496552e-01 -6.28474713e-01 -1.10968655e-04\n",
      "   8.61793103e-04 -2.48486207e-03  7.23556322e-02]\n",
      " [ 1.29991790e-02 -1.34503448e-03  7.29984893e-03  1.08107553e-02\n",
      "  -1.29932677e-04  2.91333333e-02  1.59546470e-01  1.64254319e-05\n",
      "   1.19136946e-03 -1.02876847e-04  2.58390805e-04]\n",
      " [ 1.15460181e+00 -6.10574713e-02  1.08107553e-02  1.81765066e+01\n",
      "   1.76711002e-02  7.84597701e+00  5.46768883e+01  9.72553859e-03\n",
      "  -2.75891215e-01 -1.47777915e-01 -2.84899425e+00]\n",
      " [ 3.24515599e-03 -4.23000000e-04 -1.29932677e-04  1.76711002e-02\n",
      "   1.73285714e-04  3.05482759e-02  1.41809688e-01  1.82676043e-05\n",
      "  -4.17917898e-04 -6.59343186e-05 -8.63609195e-03]\n",
      " [ 4.01724138e-01 -3.34496552e-01  2.91333333e-02  7.84597701e+00\n",
      "   3.05482759e-02  2.62559080e+02  3.32167356e+02  8.09115632e-03\n",
      "  -5.08873563e-02  5.09225287e-01 -3.79503448e+00]\n",
      " [ 7.20139573e+00 -6.28474713e-01  1.59546470e-01  5.46768883e+01\n",
      "   1.41809688e-01  3.32167356e+02  1.08941778e+03  4.56389521e-02\n",
      "  -2.81849918e-01  2.36170772e-02 -1.64634713e+01]\n",
      " [ 1.28002627e-03 -1.10968655e-04  1.64254319e-05  9.72553859e-03\n",
      "   1.82676043e-05  8.09115632e-03  4.56389521e-02  7.77140701e-06\n",
      "  -1.21688696e-04 -1.83044696e-05 -3.12469793e-03]\n",
      " [-5.93612479e-02  8.61793103e-04  1.19136946e-03 -2.75891215e-01\n",
      "  -4.17917898e-04 -5.08873563e-02 -2.81849918e-01 -1.21688696e-04\n",
      "   2.31919409e-02  7.11570443e-03  4.27257471e-02]\n",
      " [-1.51108374e-02 -2.48486207e-03 -1.02876847e-04 -1.47777915e-01\n",
      "  -6.59343186e-05  5.09225287e-01  2.36170772e-02 -1.83044696e-05\n",
      "   7.11570443e-03  2.16305222e-02 -1.55310345e-03]\n",
      " [-4.66896552e-01  7.23556322e-02  2.58390805e-04 -2.84899425e+00\n",
      "  -8.63609195e-03 -3.79503448e+00 -1.64634713e+01 -3.12469793e-03\n",
      "   4.27257471e-02 -1.55310345e-03  1.63875402e+00]]\n",
      "Number of Samples: 175\n",
      "\n",
      "Class 9:\n",
      "Mean Vector:\n",
      "fixed acidity             7.42000\n",
      "volatile acidity          0.29800\n",
      "citric acid               0.38600\n",
      "residual sugar            4.12000\n",
      "chlorides                 0.02740\n",
      "free sulfur dioxide      33.40000\n",
      "total sulfur dioxide    116.00000\n",
      "density                   0.99146\n",
      "pH                        3.30800\n",
      "sulphates                 0.46600\n",
      "alcohol                  12.18000\n",
      "dtype: float64\n",
      "Covariance Matrix:\n",
      "[[ 9.67000e-01 -2.92000e-02  4.43500e-02  3.39200e+00  5.34000e-03\n",
      "  -3.18500e+00  9.45000e+00  3.01100e-03 -6.74500e-02 -1.46500e-02\n",
      "  -9.19500e-01]\n",
      " [-2.92000e-02  3.32000e-03 -3.26000e-03 -3.42000e-02 -3.94000e-04\n",
      "   3.73500e-01 -7.95000e-01 -6.83500e-05  1.72000e-03  8.65000e-04\n",
      "   1.24500e-02]\n",
      " [ 4.43500e-02 -3.26000e-03  6.73000e-03  1.27100e-01  4.79500e-04\n",
      "  -1.53000e-01  6.10000e-01  1.26925e-04 -2.06000e-03 -3.62000e-03\n",
      "  -2.31000e-02]\n",
      " [ 3.39200e+00 -3.42000e-02  1.27100e-01  1.41320e+01  1.20400e-02\n",
      "   2.19000e+00  2.18000e+01  1.11210e-02 -2.54700e-01 -8.79000e-02\n",
      "  -3.52700e+00]\n",
      " [ 5.34000e-03 -3.94000e-04  4.79500e-04  1.20400e-02  5.53000e-05\n",
      "  -5.92000e-02  7.50000e-02  1.51700e-05 -2.56500e-04 -3.30000e-05\n",
      "  -3.84000e-03]\n",
      " [-3.18500e+00  3.73500e-01 -1.53000e-01  2.19000e+00 -5.92000e-02\n",
      "   1.80300e+02  4.47500e+01 -1.08675e-02 -2.51500e-01 -9.50500e-01\n",
      "   4.01000e+00]\n",
      " [ 9.45000e+00 -7.95000e-01  6.10000e-01  2.18000e+01  7.50000e-02\n",
      "   4.47500e+01  3.93000e+02  1.95000e-02 -1.23500e+00 -1.09250e+00\n",
      "  -3.57500e+00]\n",
      " [ 3.01100e-03 -6.83500e-05  1.26925e-04  1.11210e-02  1.51700e-05\n",
      "  -1.08675e-02  1.95000e-02  9.72425e-06 -1.95725e-04 -1.93250e-05\n",
      "  -3.06225e-03]\n",
      " [-6.74500e-02  1.72000e-03 -2.06000e-03 -2.54700e-01 -2.56500e-04\n",
      "  -2.51500e-01 -1.23500e+00 -1.95725e-04  6.87000e-03  3.76500e-03\n",
      "   5.89500e-02]\n",
      " [-1.46500e-02  8.65000e-04 -3.62000e-03 -8.79000e-02 -3.30000e-05\n",
      "  -9.50500e-01 -1.09250e+00 -1.93250e-05  3.76500e-03  8.58000e-03\n",
      "  -1.03500e-02]\n",
      " [-9.19500e-01  1.24500e-02 -2.31000e-02 -3.52700e+00 -3.84000e-03\n",
      "   4.01000e+00 -3.57500e+00 -3.06225e-03  5.89500e-02 -1.03500e-02\n",
      "   1.02700e+00]]\n",
      "Number of Samples: 5\n",
      "\n",
      "Class 10:\n",
      "Mean Vector:\n",
      "fixed acidity          NaN\n",
      "volatile acidity       NaN\n",
      "citric acid            NaN\n",
      "residual sugar         NaN\n",
      "chlorides              NaN\n",
      "free sulfur dioxide    NaN\n",
      "total sulfur dioxide   NaN\n",
      "density                NaN\n",
      "pH                     NaN\n",
      "sulphates              NaN\n",
      "alcohol                NaN\n",
      "dtype: float64\n",
      "Covariance Matrix:\n",
      "[[nan nan nan nan nan nan nan nan nan nan nan]\n",
      " [nan nan nan nan nan nan nan nan nan nan nan]\n",
      " [nan nan nan nan nan nan nan nan nan nan nan]\n",
      " [nan nan nan nan nan nan nan nan nan nan nan]\n",
      " [nan nan nan nan nan nan nan nan nan nan nan]\n",
      " [nan nan nan nan nan nan nan nan nan nan nan]\n",
      " [nan nan nan nan nan nan nan nan nan nan nan]\n",
      " [nan nan nan nan nan nan nan nan nan nan nan]\n",
      " [nan nan nan nan nan nan nan nan nan nan nan]\n",
      " [nan nan nan nan nan nan nan nan nan nan nan]\n",
      " [nan nan nan nan nan nan nan nan nan nan nan]]\n",
      "Number of Samples: 0\n",
      "\n"
     ]
    },
    {
     "name": "stderr",
     "output_type": "stream",
     "text": [
      "/Library/Frameworks/Python.framework/Versions/3.8/lib/python3.8/site-packages/numpy/lib/function_base.py:380: RuntimeWarning: Mean of empty slice.\n",
      "  avg = a.mean(axis)\n",
      "/Library/Frameworks/Python.framework/Versions/3.8/lib/python3.8/site-packages/numpy/core/_methods.py:162: RuntimeWarning: invalid value encountered in true_divide\n",
      "  ret = um.true_divide(\n",
      "/var/folders/vc/hp1kfbmj7lb7k9nhyd12slww0000gn/T/ipykernel_4083/1792426957.py:35: RuntimeWarning: Degrees of freedom <= 0 for slice\n",
      "  cov_matrix = np.cov(features, rowvar=False)\n",
      "/Library/Frameworks/Python.framework/Versions/3.8/lib/python3.8/site-packages/numpy/lib/function_base.py:2480: RuntimeWarning: divide by zero encountered in true_divide\n",
      "  c *= np.true_divide(1, fact)\n",
      "/Library/Frameworks/Python.framework/Versions/3.8/lib/python3.8/site-packages/numpy/lib/function_base.py:2480: RuntimeWarning: invalid value encountered in multiply\n",
      "  c *= np.true_divide(1, fact)\n"
     ]
    }
   ],
   "source": [
    "import pandas as pd\n",
    "import numpy as np\n",
    "\n",
    "\n",
    "data = pd.read_csv('/Users/songchenyu/Downloads/wine+quality/winequality-white.csv', sep=';')\n",
    "print(data.head())\n",
    "\n",
    "class_labels=[0,1,2,3,4,5,6,7,8,9,10]\n",
    "print(\"class_lables:\",class_labels)\n",
    "\n",
    "N = len(data)\n",
    "p = [] \n",
    "\n",
    "\n",
    "#字典，用于存储每个类别的均值向量、协方差矩阵和样本数量\n",
    "class_stats = {}\n",
    "\n",
    "for label in class_labels:\n",
    "\n",
    "    class_data = data[data['quality'] == label]\n",
    "    features = class_data.iloc[:, :-1]\n",
    "    mean_vector = np.mean(features, axis=0)\n",
    "    cov_matrix = np.cov(features, rowvar=False)\n",
    "    \n",
    "    num_samples = len(class_data)\n",
    "    \n",
    "    class_stats[label] = {\n",
    "        'mean_vector': mean_vector,\n",
    "        'cov_matrix': cov_matrix,\n",
    "        'num_samples': num_samples\n",
    "    }\n",
    "\n",
    "for label, stats in class_stats.items():\n",
    "    print(f\"Class {label}:\")\n",
    "    print(\"Mean Vector:\")\n",
    "    print(stats['mean_vector'])\n",
    "    print(\"Covariance Matrix:\")\n",
    "    print(stats['cov_matrix'])\n",
    "    print(f\"Number of Samples: {stats['num_samples']}\")\n",
    "    print()\n"
   ]
  },
  {
   "cell_type": "code",
   "execution_count": 21,
   "id": "ef42ca68",
   "metadata": {},
   "outputs": [
    {
     "name": "stderr",
     "output_type": "stream",
     "text": [
      "/var/folders/vc/hp1kfbmj7lb7k9nhyd12slww0000gn/T/ipykernel_4083/918631896.py:3: RuntimeWarning: Degrees of freedom <= 0 for slice\n",
      "  cov_matrix = np.cov(features, rowvar=False)\n"
     ]
    }
   ],
   "source": [
    "###正则化，这里应该不需要；下一个数据集需要\n",
    "def calculate_cov_matrix(features, regularization_parameter):\n",
    "    cov_matrix = np.cov(features, rowvar=False)\n",
    "    cov_matrix_regularized = cov_matrix + regularization_parameter * np.identity(cov_matrix.shape[0])\n",
    "    return cov_matrix_regularized\n",
    "\n",
    "regularization_parameter = 0.01  # 调整正则化参数的值\n",
    "class_stats = {}\n",
    "\n",
    "for label in class_labels:\n",
    "    class_data = data[data['quality'] == label]\n",
    "    features = class_data.iloc[:, :-1]\n",
    "    mean_vector = np.mean(features, axis=0)\n",
    "    cov_matrix_regularized = calculate_cov_matrix(features, regularization_parameter)\n",
    "    num_samples = len(class_data)\n",
    "    \n",
    "    class_stats[label] = {\n",
    "        'mean_vector': mean_vector,\n",
    "        'cov_matrix': cov_matrix_regularized,\n",
    "        'num_samples': num_samples\n",
    "    }\n"
   ]
  },
  {
   "cell_type": "code",
   "execution_count": 22,
   "id": "dba69398",
   "metadata": {},
   "outputs": [
    {
     "name": "stderr",
     "output_type": "stream",
     "text": [
      "/Library/Frameworks/Python.framework/Versions/3.8/lib/python3.8/site-packages/numpy/linalg/linalg.py:2159: RuntimeWarning: invalid value encountered in det\n",
      "  r = _umath_linalg.det(a, signature=signature)\n"
     ]
    },
    {
     "name": "stdout",
     "output_type": "stream",
     "text": [
      "Total errors: 3015\n",
      "Error rate: 0.6156\n",
      "Accuracy: 38.44%\n"
     ]
    }
   ],
   "source": [
    "def calculate_posterior(sample, mean_vector, cov_matrix, prior, num_samples):\n",
    "    # 计算后验概率\n",
    "    likelihood = (1 / ((2 * np.pi) ** (len(sample) / 2) * np.linalg.det(cov_matrix) ** 0.5)) * \\\n",
    "                np.exp(-0.5 * (sample - mean_vector).T @ np.linalg.inv(cov_matrix) @ (sample - mean_vector))\n",
    "    posterior = likelihood * prior / (num_samples / N)\n",
    "    return posterior\n",
    "\n",
    "def bayesian_classifier(sample, class_stats):\n",
    "    max_posterior = -1\n",
    "    predicted_class = None\n",
    "    \n",
    "    for label, stats in class_stats.items():\n",
    "        prior = stats['num_samples'] / N\n",
    "        posterior = calculate_posterior(sample, stats['mean_vector'], stats['cov_matrix'], prior, stats['num_samples'])\n",
    "        \n",
    "        if posterior > max_posterior:\n",
    "            max_posterior = posterior\n",
    "            predicted_class = label\n",
    "    \n",
    "    return predicted_class\n",
    "\n",
    "# 初始化变量以跟踪错误\n",
    "total_samples = 0\n",
    "total_errors = 0\n",
    "\n",
    "# 对每个样本应用贝叶斯分类器\n",
    "predicted_labels = []\n",
    "for _, row in data.iterrows():\n",
    "    sample = row[:-1]  # 去掉最后一列（类别标签）\n",
    "    true_label = row[-1]  # 真实类别标签\n",
    "    predicted_label = bayesian_classifier(sample, class_stats)\n",
    "    predicted_labels.append(predicted_label)\n",
    "    \n",
    "    # 检查是否预测正确\n",
    "    if true_label != predicted_label:\n",
    "        total_errors += 1\n",
    "\n",
    "    total_samples += 1\n",
    "\n",
    "# 误差率估计\n",
    "error_rate = total_errors / total_samples\n",
    "print(f\"Total errors: {total_errors}\")\n",
    "print(f\"Error rate: {error_rate:.4f}\")\n",
    "\n",
    "\n",
    "\n",
    "# 将预测结果与真实标签进行比较\n",
    "true_labels = data['quality'].tolist()\n",
    "correct_predictions = np.sum(np.array(predicted_labels) == np.array(true_labels))\n",
    "accuracy = correct_predictions / N\n",
    "\n",
    "print(f\"Accuracy: {accuracy:.2%}\")\n"
   ]
  },
  {
   "cell_type": "code",
   "execution_count": 27,
   "id": "b0af852f",
   "metadata": {},
   "outputs": [
    {
     "name": "stdout",
     "output_type": "stream",
     "text": [
      "(11, 11, 4)\n",
      "Confusion Matrix:\n",
      "True Label 0 - Predicted Label 0: 0\n",
      "True Label 0 - Predicted Label 1: 0\n",
      "True Label 0 - Predicted Label 2: 0\n",
      "True Label 0 - Predicted Label 3: 0\n",
      "True Label 0 - Predicted Label 4: 0\n",
      "True Label 0 - Predicted Label 5: 0\n",
      "True Label 0 - Predicted Label 6: 0\n",
      "True Label 0 - Predicted Label 7: 0\n",
      "True Label 0 - Predicted Label 8: 0\n",
      "True Label 0 - Predicted Label 9: 0\n",
      "True Label 0 - Predicted Label 10: 0\n",
      "True Label 1 - Predicted Label 0: 0\n",
      "True Label 1 - Predicted Label 1: 0\n",
      "True Label 1 - Predicted Label 2: 0\n",
      "True Label 1 - Predicted Label 3: 0\n",
      "True Label 1 - Predicted Label 4: 0\n",
      "True Label 1 - Predicted Label 5: 0\n",
      "True Label 1 - Predicted Label 6: 0\n",
      "True Label 1 - Predicted Label 7: 0\n",
      "True Label 1 - Predicted Label 8: 0\n",
      "True Label 1 - Predicted Label 9: 0\n",
      "True Label 1 - Predicted Label 10: 0\n",
      "True Label 2 - Predicted Label 0: 0\n",
      "True Label 2 - Predicted Label 1: 0\n",
      "True Label 2 - Predicted Label 2: 0\n",
      "True Label 2 - Predicted Label 3: 0\n",
      "True Label 2 - Predicted Label 4: 0\n",
      "True Label 2 - Predicted Label 5: 0\n",
      "True Label 2 - Predicted Label 6: 0\n",
      "True Label 2 - Predicted Label 7: 0\n",
      "True Label 2 - Predicted Label 8: 0\n",
      "True Label 2 - Predicted Label 9: 0\n",
      "True Label 2 - Predicted Label 10: 0\n",
      "True Label 3 - Predicted Label 0: 0\n",
      "True Label 3 - Predicted Label 1: 0\n",
      "True Label 3 - Predicted Label 2: 0\n",
      "True Label 3 - Predicted Label 3: 10\n",
      "True Label 3 - Predicted Label 4: 3\n",
      "True Label 3 - Predicted Label 5: 2\n",
      "True Label 3 - Predicted Label 6: 2\n",
      "True Label 3 - Predicted Label 7: 2\n",
      "True Label 3 - Predicted Label 8: 1\n",
      "True Label 3 - Predicted Label 9: 0\n",
      "True Label 3 - Predicted Label 10: 0\n",
      "True Label 4 - Predicted Label 0: 0\n",
      "True Label 4 - Predicted Label 1: 0\n",
      "True Label 4 - Predicted Label 2: 0\n",
      "True Label 4 - Predicted Label 3: 6\n",
      "True Label 4 - Predicted Label 4: 92\n",
      "True Label 4 - Predicted Label 5: 42\n",
      "True Label 4 - Predicted Label 6: 7\n",
      "True Label 4 - Predicted Label 7: 9\n",
      "True Label 4 - Predicted Label 8: 6\n",
      "True Label 4 - Predicted Label 9: 1\n",
      "True Label 4 - Predicted Label 10: 0\n",
      "True Label 5 - Predicted Label 0: 0\n",
      "True Label 5 - Predicted Label 1: 0\n",
      "True Label 5 - Predicted Label 2: 0\n",
      "True Label 5 - Predicted Label 3: 46\n",
      "True Label 5 - Predicted Label 4: 227\n",
      "True Label 5 - Predicted Label 5: 890\n",
      "True Label 5 - Predicted Label 6: 125\n",
      "True Label 5 - Predicted Label 7: 131\n",
      "True Label 5 - Predicted Label 8: 36\n",
      "True Label 5 - Predicted Label 9: 2\n",
      "True Label 5 - Predicted Label 10: 0\n",
      "True Label 6 - Predicted Label 0: 0\n",
      "True Label 6 - Predicted Label 1: 0\n",
      "True Label 6 - Predicted Label 2: 0\n",
      "True Label 6 - Predicted Label 3: 60\n",
      "True Label 6 - Predicted Label 4: 126\n",
      "True Label 6 - Predicted Label 5: 734\n",
      "True Label 6 - Predicted Label 6: 362\n",
      "True Label 6 - Predicted Label 7: 651\n",
      "True Label 6 - Predicted Label 8: 242\n",
      "True Label 6 - Predicted Label 9: 23\n",
      "True Label 6 - Predicted Label 10: 0\n",
      "True Label 7 - Predicted Label 0: 0\n",
      "True Label 7 - Predicted Label 1: 0\n",
      "True Label 7 - Predicted Label 2: 0\n",
      "True Label 7 - Predicted Label 3: 6\n",
      "True Label 7 - Predicted Label 4: 17\n",
      "True Label 7 - Predicted Label 5: 97\n",
      "True Label 7 - Predicted Label 6: 70\n",
      "True Label 7 - Predicted Label 7: 457\n",
      "True Label 7 - Predicted Label 8: 219\n",
      "True Label 7 - Predicted Label 9: 14\n",
      "True Label 7 - Predicted Label 10: 0\n",
      "True Label 8 - Predicted Label 0: 0\n",
      "True Label 8 - Predicted Label 1: 0\n",
      "True Label 8 - Predicted Label 2: 0\n",
      "True Label 8 - Predicted Label 3: 2\n",
      "True Label 8 - Predicted Label 4: 4\n",
      "True Label 8 - Predicted Label 5: 17\n",
      "True Label 8 - Predicted Label 6: 13\n",
      "True Label 8 - Predicted Label 7: 63\n",
      "True Label 8 - Predicted Label 8: 67\n",
      "True Label 8 - Predicted Label 9: 9\n",
      "True Label 8 - Predicted Label 10: 0\n",
      "True Label 9 - Predicted Label 0: 0\n",
      "True Label 9 - Predicted Label 1: 0\n",
      "True Label 9 - Predicted Label 2: 0\n",
      "True Label 9 - Predicted Label 3: 0\n",
      "True Label 9 - Predicted Label 4: 0\n",
      "True Label 9 - Predicted Label 5: 0\n",
      "True Label 9 - Predicted Label 6: 0\n",
      "True Label 9 - Predicted Label 7: 0\n",
      "True Label 9 - Predicted Label 8: 0\n",
      "True Label 9 - Predicted Label 9: 5\n",
      "True Label 9 - Predicted Label 10: 0\n",
      "True Label 10 - Predicted Label 0: 0\n",
      "True Label 10 - Predicted Label 1: 0\n",
      "True Label 10 - Predicted Label 2: 0\n",
      "True Label 10 - Predicted Label 3: 0\n",
      "True Label 10 - Predicted Label 4: 0\n",
      "True Label 10 - Predicted Label 5: 0\n",
      "True Label 10 - Predicted Label 6: 0\n",
      "True Label 10 - Predicted Label 7: 0\n",
      "True Label 10 - Predicted Label 8: 0\n",
      "True Label 10 - Predicted Label 9: 0\n",
      "True Label 10 - Predicted Label 10: 0\n"
     ]
    }
   ],
   "source": [
    "confusion_matrix = np.zeros((11, 11, 4), dtype=int)\n",
    "print(confusion_matrix.shape)\n",
    "num_classes=11\n",
    "        \n",
    "for true_label, predicted_label in zip(true_labels, predicted_labels):\n",
